152
447
305
336
143
151
383
9
322
204
115
139
160
490
136
220
84
431
332
307
88
105
130
472
387
419
475
412
271
221
27
207
321
488
65
379
244
458
153
44
374
122
61
89
251
212
459
354
158
91
436
223
39
350
366
46
317
333
449
224
175
470
237
100
177
408
317
172
424
257
475
126
278
287
432
466
44
40
220
174
459
121
253
179
285
304
167
471
121
19
61
411
8
429
368
404
384
460
412
343
395
286
429
401
116
309
444
251
418
400
2
277
112
274
264
54
216
57
315
372
240
346
51
404
195
64
117
349
418
27
81
83
127
376
279
172
191
352
63
475
360
415
52
220
17
284
298
233
165
314
187
326
145
39
103
48
235
24
206
51
192
94
332
390
319
418
149
236
495
91
362
364
494
339
12
324
293
330
387
410
265
383
184
104
340
254
437
88
273
231
437
167
145
11
283
266
83
161
401
98
135
62
238
73
452
322
332
306
27
278
254
405
137
295
286
308
409
228
50
64
481
61
462
263
153
194
219
482
55
246
241
132
429
288
275
202
144
110
151
17
422
131
60
494
476
31
30
349
225
474
356
354
111
336
117
74
100
474
419
257
103
349
250
281
37
122
476
348
20
83
163
298
76
32
142
350
0
467
287
122
164
369
257
80
389
386
21
92
171
200
102
170
190
394
414
72
380
278
457
353
55
182
329
142
311
57
278
78
193
267
73
132
186
297
93
233
92
169
392
150
101
383
176
320
480
493
107
182
117
70
470
222
9
434
66
482
40
114
269
331
108
442
399
404
126
470
483
393
301
181
479
210
386
306
252
172
5
8
161
317
450
95
461
122
296
351
122
252
230
111
193
477
400
60
41
158
483
272
193
10
10
214
380
436
91
259
336
203
182
394
476
31
453
451
381
12
481
276
107
275
347
231
162
190
487
1
309
325
264
93
188
233
315
151
307
236
215
24
31
37
14
419
70
336
134
161
24
448
179
29
177
207
164
417
162
279
51
190
448
89
449
11
438
88
205
243
216
301
143
145
297
456
244
70
260
428
160
326
55
326
477
361
145
235
416
481
68
397
489
28
184
24
75
442
87
3
481
481
130
390
445
222
304
34
231
220
462
94
157
234
118
225
134
122
112
88
365
202
172
224
