18
15
11
12
27
29
8
30
22
9
19
30
16
23
16
27
40
33
25
28
29
24
41
45
35
28
32
37
34
45
32
40
39
55
48
46
36
53
38
54
51
64
52
65
58
66
48
62
50
72
71
58
58
64
59
69
75
69
80
78
77
77
79
86
86
65
78
74
88
85
81
79
88
89
97
85
93
98
85
94
81
96
90
91
104
104
88
107
104
89
106
104
110
98
116
114
102
109
122
113
109
121
122
113
115
117
122
121
121
129
131
134
116
120
132
117
124
125
120
122
142
137
137
143
124
148
141
137
146
133
133
135
153
151
140
140
156
160
160
147
143
154
149
164
147
163
154
157
160
169
161
174
162
174
171
172
160
181
167
171
181
167
182
172
180
182
167
178
169
182
176
180
182
191
174
184
185
196
195
186
194
185
205
206
201
190
205
187
188
202
190
212
205
202
205
216
213
220
202
210
216
223
211
227
217
206
218
223
229
216
218
221
219
215
237
231
223
239
234
230
242
221
232
235
236
235
247
228
235
232
247
242
247
239
249
252
256
261
247
255
257
243
245
261
249
260
259
258
259
268
264
270
258
270
267
271
267
278
269
261
264
272
271
281
279
286
286
267
279
274
291
279
285
297
293
295
297
294
284
301
301
291
297
295
297
308
290
309
305
313
296
314
304
299
305
301
313
307
300
307
319
313
326
308
327
311
312
314
331
326
329
329
327
327
320
334
337
339
322
336
337
344
330
335
348
347
346
333
340
341
332
342
347
356
336
343
346
346
352
346
356
363
365
343
349
357
354
370
348
365
360
371
358
363
370
376
360
369
364
359
370
385
381
373
378
372
369
384
379
391
378
383
379
394
374
395
400
384
384
390
394
403
388
404
386
392
390
391
394
395
394
414
394
407
416
412
398
410
408
421
408
417
413
406
412
428
418
417
417
429
432
432
417
433
424
428
434
440
426
426
423
444
432
428
442
434
435
445
451
437
447
442
454
442
437
458
447
439
450
443
460
460
462
454
452
452
464
454
451
458
473
455
456
456
473
464
461
462
468
482
473
480
473
464
467
476
490
488
484
480
471
486
482
477
486
484
479
501
500
489
496
483
496
497
493
497
492
506
502
507
507
496
509
507
509
496
503
515
505
521
