505
501
511
507
499
502
511
501
506
492
512
494
510
503
492
506
508
491
484
503
498
497
498
489
490
484
481
496
479
473
470
485
491
491
478
468
465
472
468
466
476
461
465
463
465
466
455
476
475
453
464
469
464
454
452
457
451
444
462
460
440
458
438
448
436
441
440
456
435
434
449
444
429
448
431
440
434
436
424
423
427
428
442
422
428
420
414
429
429
411
430
433
421
419
411
427
405
423
407
404
405
402
417
417
404
418
412
412
393
406
391
407
412
404
398
401
403
403
406
401
385
394
383
379
383
394
376
387
387
379
383
383
375
390
388
369
378
367
383
375
371
364
372
359
379
356
354
374
352
365
352
355
369
357
368
359
366
359
354
354
361
343
341
355
338
347
345
333
351
339
331
343
351
336
334
325
325
326
325
326
338
324
332
318
321
322
331
335
313
319
316
331
325
315
324
312
305
323
302
312
315
299
299
314
309
308
301
305
293
313
303
308
300
293
305
300
298
285
294
300
300
293
301
288
277
278
296
288
288
272
293
274
271
284
281
283
268
285
275
278
284
263
278
261
276
266
263
263
265
253
267
273
255
252
261
246
245
258
257
250
255
256
259
261
259
242
250
252
248
232
240
246
241
247
246
240
242
242
237
236
238
230
219
230
225
239
237
236
214
224
226
223
215
210
207
212
212
223
207
214
220
214
216
209
213
219
204
205
201
215
197
195
212
211
201
188
199
191
197
205
189
197
195
179
185
196
184
182
190
184
177
191
182
169
186
168
182
176
183
170
173
169
171
159
162
164
169
160
165
174
166
173
153
153
149
146
166
158
145
161
154
140
156
158
152
145
151
154
136
143
140
131
140
132
136
148
129
137
143
145
126
122
139
137
137
123
130
120
136
129
116
111
118
107
126
117
120
119
113
121
117
118
101
97
108
109
106
93
112
96
111
97
107
90
100
96
88
106
82
89
98
88
99
87
82
83
90
84
81
94
76
83
71
67
72
77
88
84
70
68
80
75
69
76
78
77
61
59
63
60
57
67
64
49
48
52
66
60
61
44
62
39
54
59
59
42
38
51
53
32
41
37
43
44
38
27
47
25
34
29
20
29
18
41
31
28
36
13
35
35
25
16
9
11
16
25
28
16
22
16
